@subtask full
rnd 4 5 10 10
rnd 4 5 10 10 a
rnd 5 8 10 20
rnd 300 300 500 1000000
rnd 300 500 500 1000000
rnd 300 600 500 1000000
rnd 300 10000 500 1000000
rnd 300 11000 500 1000000
rnd 300 12000 500 1000000
rnd 300 13000 500 1000000
rnd 300 44850 500 1000000 a
rnd 300 44850 500 1000000 b
rnd 300 44850 500 1000000 c
rnd 300 44850 500 1000000 d
rnd 300 44850 500 1000000 e
rnd 300 44850 10000 1000000
rnd 300 44850 100000 1000000 a
rnd 300 44850 100000 1000000 b
rnd 300 44850 100000 1000000 c
rnd 300 44850 100000 1000000 d
rnd 300 44850 100000 1000000 e
rnd 300 44850 100000 1000000 f
rnd 300 44850 100000 1000000 g
rnd 300 44850 100000 1000000 h
rnd 300 44850 100000 1000000 i