@subtask full
rnd 4 1 2 5 5
rnd 6 2 2 5 5
rnd 100 10 20 500 500
rnd 200 50 20 500 500
rnd 300 100 30 100 100
rnd 400 1000 40 100 100
rnd 33333 33333 33333 1000000000 1000000000 a
rnd 33333 33333 33333 1000000000 1000000000 b
rnd 33333 3333 33333 1000000000 1000000000 a
rnd 33333 3333 33333 1000000000 1000000000 b
rnd 33333 3333 33333 1000000000 1000000000 c
rnd 33333 3333 33333 1000000000 1000000000 d
rnd 33333 333 33333 1000000000 1000000000 a
rnd 33333 333 33333 1000000000 1000000000 b
rnd 33333 333 33333 1000000000 1000000000 c
rnd 33333 333 33333 1000000000 1000000000 d
rnd 33333 33 33333 1000000000 1000000000 a
rnd 33333 33 33333 1000000000 1000000000 b
rnd 33333 33 33333 1000000000 1000000000 c
rnd 33333 33 33333 1000000000 1000000000 d
