-1
-1
-1
-1
-1
-1
-1
-1
-1
-1
-1
-1
-1
-1
-1
-1
-1
-1
-1
-1
-1
-1
-1
-1
-1
-1
-1
-1
-1
-1
-1
-1
-1
-1
-1
-1
-1
-1
-1
-1
-1
-1
-1
-1
-1
-1
-1
-1
-1
-1
-1
-1
-1
-1
-1
-1
869823
-1
-1
-1
-1
-1
-1
-1
-1
-1
-1
-1
-1
-1
-1
-1
-1
-1
-1
-1
-1
-1
-1
-1
-1
-1
-1
-1
-1
-1
-1
2371950
-1
-1
-1
1890797
1933490
-1
1573751
-1
-1
-1
-1
1717825
-1
-1
-1
-1
-1
-1
-1
-1
2672410
-1
1770263
-1
-1
-1
-1
89692
-1
-1
-1
-1
1059866
-1
-1
-1
1712206
-1
-1
-1
1552968
-1
-1
-1
-1
-1
1034653
-1
-1
1805715
-1
-1
-1
-1
-1
-1
-1
-1
-1
-1
-1
-1
-1
-1
-1
1063165
1891856
-1
-1
-1
-1
-1
-1
2009893
-1
-1
1781869
1629342
-1
-1
-1
-1
-1
-1
-1
-1
-1
2577171
1430167
-1
-1
1878082
-1
-1
-1
-1
2556090
-1
-1
3386451
1728489
2822234
1565610
-1
-1
-1
-1
1711878
3139130
1473286
-1
2038573
-1
1931265
-1
1277834
-1
-1
-1
-1
-1
1860512
1843436
2324988
1066923
-1
1729538
-1
-1
1572710
1436348
2114812
1717124
1210006
-1
1296235
1977581
-1
1551059
1882300
550379
-1
-1
1925852
3066674
-1
-1
915303
-1
1741787
-1
2755630
37370
129343
1689228
-1
1378211
1763059
64762
3311244
2541914
2646445
-1
-1
1818705
3314281
3394095
1275085
2982201
2982201
-1
2178370
710453
1280017
1846185
152475
2811980
1350981
1437598
1853020
1861917
-1
78521
1342618
1000195
1930182
-1
2756043
1966629
2094961
1951607
1498435
2233645
2015963
1589594
1646142
1141377
1411558
1986446
2217794
3028768
1387270
1686307
2031205
1814844
2037811
1492640
1883667
965304
1745625
1287160
2364941
